#multi:
	Masse A		Masse B		
t	x	y	x	y	
0,000	-0,240	0,137	0,162	0,141
0,017	-0,239	0,135	0,160	0,139
0,033	-0,237	0,133	0,159	0,136
0,050	-0,236	0,130	0,157	0,133
0,067	-0,234	0,128	0,155	0,131
0,083	-0,233	0,125	0,154	0,128
0,100	-0,231	0,123	0,152	0,125
0,117	-0,230	0,121	0,150	0,123
0,133	-0,229	0,118	0,149	0,120
0,150	-0,227	0,116	0,147	0,117
0,167	-0,226	0,114	0,145	0,115
0,183	-0,224	0,111	0,144	0,112
0,200	-0,223	0,109	0,142	0,110
0,217	-0,222	0,106	0,141	0,107
0,233	-0,220	0,104	0,139	0,104
0,250	-0,219	0,102	0,138	0,102
0,267	-0,217	9,927E-2	0,136	9,915E-2
0,283	-0,216	9,705E-2	0,134	9,661E-2
0,300	-0,214	9,469E-2	0,133	9,395E-2
0,317	-0,213	9,220E-2	0,131	9,118E-2
0,333	-0,211	8,957E-2	0,129	8,849E-2
0,350	-0,210	8,726E-2	0,128	8,594E-2
0,367	-0,208	8,484E-2	0,126	8,334E-2
0,383	-0,207	8,249E-2	0,125	8,056E-2
0,400	-0,206	8,012E-2	0,123	7,803E-2
0,417	-0,204	7,772E-2	0,121	7,527E-2
0,433	-0,203	7,528E-2	0,120	7,253E-2
0,450	-0,201	7,301E-2	0,118	7,003E-2
0,467	-0,200	7,059E-2	0,116	6,732E-2
0,483	-0,198	6,813E-2	0,115	6,462E-2
0,500	-0,197	6,604E-2	0,113	6,190E-2
0,517	-0,196	6,356E-2	0,112	5,918E-2
0,533	-0,194	6,117E-2	0,110	5,650E-2
0,550	-0,193	5,883E-2	0,108	5,382E-2
0,567	-0,191	5,652E-2	0,107	5,128E-2
0,583	-0,190	5,414E-2	0,105	4,857E-2
0,600	-0,188	5,201E-2	0,104	4,599E-2
0,617	-0,187	4,959E-2	0,102	4,339E-2
0,633	-0,186	4,718E-2	0,101	4,062E-2
0,650	-0,184	4,484E-2	9,911E-2	3,801E-2
0,667	-0,183	4,249E-2	9,752E-2	3,547E-2
0,683	-0,181	4,003E-2	9,591E-2	3,281E-2
0,700	-0,180	3,772E-2	9,430E-2	3,013E-2
0,717	-0,178	3,563E-2	9,280E-2	2,760E-2
0,733	-0,177	3,321E-2	9,113E-2	2,479E-2
0,750	-0,175	3,078E-2	8,964E-2	2,209E-2
0,767	-0,174	2,852E-2	8,810E-2	1,950E-2
0,783	-0,172	2,614E-2	8,647E-2	1,682E-2
0,800	-0,171	2,398E-2	8,489E-2	1,423E-2
0,817	-0,170	2,158E-2	8,344E-2	1,152E-2
0,833	-0,168	1,912E-2	8,190E-2	8,838E-3
0,850	-0,167	1,674E-2	8,025E-2	6,225E-3
0,867	-0,165	1,442E-2	7,875E-2	3,603E-3
0,883	-0,164	1,198E-2	7,714E-2	1,019E-3
0,900	-0,162	9,660E-3	7,551E-2	-1,817E-3
0,917	-0,161	7,595E-3	7,406E-2	-4,366E-3
0,933	-0,160	5,134E-3	7,247E-2	-6,977E-3
0,950	-0,158	2,686E-3	7,083E-2	-9,707E-3
0,967	-0,157	4,794E-4	6,937E-2	-1,220E-2
0,983	-0,155	-1,851E-3	6,775E-2	-1,484E-2
1,000	-0,154	-4,048E-3	6,623E-2	-1,753E-2
1,017	-0,153	-6,501E-3	6,469E-2	-2,019E-2
1,033	-0,151	-8,888E-3	6,323E-2	-2,287E-2
1,050	-0,150	-1,129E-2	6,154E-2	-2,567E-2
1,067	-0,148	-1,362E-2	6,007E-2	-2,823E-2
1,083	-0,147	-1,610E-2	5,845E-2	-3,098E-2
1,100	-0,145	-1,836E-2	5,689E-2	-3,362E-2
1,117	-0,144	-2,054E-2	5,538E-2	-3,626E-2
1,133	-0,143	-2,284E-2	5,377E-2	-3,890E-2
1,150	-0,141	-2,521E-2	5,220E-2	-4,162E-2
1,167	-0,140	-2,743E-2	5,063E-2	-4,422E-2
1,183	-0,139	-2,972E-2	4,909E-2	-4,677E-2
1,200	-0,137	-3,226E-2	4,755E-2	-4,954E-2
1,217	-0,136	-3,449E-2	4,600E-2	-5,234E-2
1,233	-0,134	-3,686E-2	4,447E-2	-5,490E-2
1,250	-0,133	-3,920E-2	4,284E-2	-5,762E-2
1,267	-0,132	-4,150E-2	4,128E-2	-6,036E-2
1,283	-0,130	-4,382E-2	3,978E-2	-6,295E-2
1,300	-0,129	-4,626E-2	3,815E-2	-6,561E-2
1,317	-0,127	-4,860E-2	3,661E-2	-6,833E-2
1,333	-0,126	-5,093E-2	3,509E-2	-7,091E-2
1,350	-0,125	-5,318E-2	3,379E-2	-7,355E-2
1,367	-0,124	-5,555E-2	3,283E-2	-7,630E-2
1,383	-0,123	-5,780E-2	3,278E-2	-7,889E-2
1,400	-0,123	-6,022E-2	3,333E-2	-8,175E-2
1,417	-0,123	-6,274E-2	3,450E-2	-8,447E-2
1,433	-0,124	-6,451E-2	3,601E-2	-8,717E-2
1,450	-0,125	-6,665E-2	3,806E-2	-9,029E-2
1,467	-0,126	-6,901E-2	4,011E-2	-9,297E-2
1,483	-0,126	-7,096E-2	4,205E-2	-9,623E-2
1,500	-0,127	-7,300E-2	4,380E-2	-9,887E-2
1,517	-0,128	-7,511E-2	4,607E-2	-0,102
1,533	-0,129	-7,721E-2	4,774E-2	-0,105
1,550	-0,130	-7,911E-2	4,980E-2	-0,108
1,567	-0,131	-8,125E-2	5,185E-2	-0,111
1,583	-0,132	-8,329E-2	5,384E-2	-0,114
1,600	-0,132	-8,529E-2	5,547E-2	-0,117
1,617	-0,133	-8,738E-2	5,787E-2	-0,120
1,633	-0,134	-8,930E-2	5,947E-2	-0,123
1,650	-0,135	-9,129E-2	6,148E-2	-0,126
1,667	-0,136	-9,348E-2	6,359E-2	-0,129
1,683	-0,136	-9,530E-2	6,552E-2	-0,132
1,700	-0,137	-9,699E-2	6,711E-2	-0,135
1,717	-0,138	-9,899E-2	6,960E-2	-0,138
1,733	-0,139	-0,101	7,116E-2	-0,141
1,750	-0,139	-0,103	7,324E-2	-0,144
1,767	-0,140	-0,105	7,523E-2	-0,147
1,783	-0,141	-0,107	7,728E-2	-0,150
1,800	-0,142	-0,109	7,883E-2	-0,153
1,817	-0,143	-0,111	8,131E-2	-0,156
1,833	-0,143	-0,113	8,286E-2	-0,159
1,850	-0,144	-0,115	8,487E-2	-0,162
1,867	-0,145	-0,117	8,699E-2	-0,165
1,883	-0,146	-0,119	8,897E-2	-0,168
1,900	-0,147	-0,121	9,043E-2	-0,171
1,917	-0,147	-0,123	9,315E-2	-0,174
1,933	-0,148	-0,125	9,455E-2	-0,177
1,950	-0,149	-0,127	9,657E-2	-0,180
1,967	-0,150	-0,130	9,871E-2	-0,183
1,983	-0,151	-0,131	0,101	-0,186
2,000	-0,151	-0,133	0,102	-0,189
2,017	-0,152	-0,135	0,105	-0,192
2,033	-0,153	-0,137	0,106	-0,195
2,050	-0,154	-0,139	0,108	-0,198
2,067	-0,154	-0,141	0,110	-0,201
2,083	-0,155	-0,144	0,112	-0,203
2,100	-0,156	-0,145	0,114	-0,207
