Datum und Uhrzeit der Berechnung: 2024-11-23 15:04:48


Fit-Koeffizienten Fit g--:
Koef. 0: -0.04132558664 ± 0.0008794178093
Koef. 1: 29.61645813 ± 0.03668342524


Verwendete Variablen und Werte:
delta_x = [0.0, 0.707107, 0.707107, 1.581139, 1.581139, 2.54951, 2.54951, 3.535534, 3.535534, 4.527693, 4.527693, 5.522681, 5.522681, 6.519202, 6.519202, 7.516648, 7.516648, 8.514693, 8.514693, 9.513149, 9.513149, 10.511898, 10.511898, 11.510864, 11.510864, 12.509996, 12.509996, 13.509256, 13.509256, 14.508618, 14.508618, 15.508062, 15.508062, 16.507574, 16.507574, 17.507141, 17.507141, 18.506756, 18.506756, 19.506409, 19.506409, 20.506097, 20.506097, 21.505813, 21.505813, 22.505555, 22.505555, 23.505319, 23.505319, 24.505102, 24.505102, 25.504901, 25.504901, 26.504717, 26.504717, 27.504545, 27.504545, 28.504386, 28.504386, 29.504237, 29.504237, 30.504098, 30.504098, 31.503968, 31.503968, 32.503846, 32.503846, 33.503731, 33.503731, 34.503623, 34.503623, 35.503521, 35.503521, 36.503424, 36.503424, 37.503333, 37.503333, 38.503247, 38.503247, 39.503164, 39.503164, 40.503086, 40.503086, 41.503012, 41.503012, 42.502941, 42.502941, 43.502873, 43.502873, 44.502809, 44.502809, 45.502747, 45.502747, 46.502688, 46.502688, 47.502632, 47.502632, 48.502577, 48.502577, 49.502525, 49.502525, 50.502475, 50.502475, 51.502427, 51.502427, 52.502381, 52.502381, 53.502336, 53.502336, 54.502294, 54.502294, 55.502252, 55.502252, 56.502212, 56.502212, 57.502174, 57.502174, 58.502137, 58.502137, 59.502101, 59.502101, 60.502066, 60.502066, 61.502032, 61.502032, 62.502, 62.502, 63.501968, 63.501968, 64.501938, 64.501938, 65.501908, 65.501908, 66.50188, 66.50188, 67.501852, 67.501852, 68.501825, 68.501825, 69.501799, 69.501799, 70.501773, 70.501773, 71.501748, 71.501748, 72.0]
T = [29.689245, 29.689245, 29.663715, 29.663715, 29.415247, 29.415247, 29.659645, 29.659645, 29.692692, 29.692692, 29.352497, 29.352497, 29.394913, 29.394913, 29.293854, 29.293854, 29.240328, 29.240328, 28.945711, 28.945711, 29.248629, 29.248629, 28.888805, 28.888805, 28.987282, 28.987282, 28.574556, 28.574556, 29.081467, 29.081467, 29.087914, 29.087914, 28.982246, 28.982246, 28.781202, 28.781202, 28.86455, 28.86455, 28.59132, 28.59132, 28.614599, 28.614599, 28.361023, 28.361023, 28.691439, 28.691439, 28.472334, 28.472334, 28.516598, 28.516598, 28.839828, 28.839828, 28.69978, 28.69978, 28.5606, 28.5606, 28.562885, 28.562885, 28.71283, 28.71283, 28.179575, 28.179575, 28.439991, 28.439991, 28.576893, 28.576893, 28.57987, 28.57987, 27.824074, 27.824074, 28.260151, 28.260151, 28.608854, 28.608854, 27.892288, 27.892288, 28.552763, 28.552763, 28.009623, 28.009623, 28.11071, 28.11071, 28.171499, 28.171499, 28.123274, 28.123274, 27.898661, 27.898661, 27.826298, 27.826298, 27.912781, 27.912781, 27.797211, 27.797211, 27.651827, 27.651827, 28.121796, 28.121796, 27.762688, 27.762688, 27.271921, 27.271921, 27.68306, 27.68306, 27.450314, 27.450314, 27.362865, 27.362865, 27.388218, 27.388218, 27.614145, 27.614145, 26.939859, 26.939859, 26.726921, 26.726921, 26.961008, 26.961008, 26.989321, 26.989321, 26.983864, 26.983864, 26.987637, 26.987637, 27.410471, 27.410471, 27.116739, 27.116739, 27.068512, 27.068512, 26.627274, 26.627274, 26.980249, 26.980249, 26.834576, 26.834576, 26.824757, 26.824757, 26.773785, 26.773785, 26.50337, 26.50337, 26.375084, 26.375084, 26.724957, 26.724957]

Messung   Temperatur (celsius)Fehler (celsius)    

Ergebnisse für LaTeX:

\begin{table}[H] 
	 \centering 
	 \begin{tabular}{|c|c|} 
	 	 \hline Messungen & Temperatur (celsius)  \\ \hline 
	 	 \hline 
	 \end{tabular} 
	 \caption{Messergebnisse für Temperatur } 
	 \label{tab:Temperatur} 
\end{table} 

